5

59

0 1 2 3 4 5 6 7 8 9 0 1 2 3 4 5 6 7 8 9 0 1 2 3 4 5 6 7 8 9 0 1 2 3 4 5 6 7 8 9 0 1 2 3 4 5 6 7 8 9 0 1 2 3 4 5 6 7 8 9
0 1 2 3 4 5 6 7 8 9 0 1 2 3 4 5 6 7 8 9 0 1 2 3 4 5 6 7 8 9 0 1 2 3 4 5 6 7 8 9 0 1 2 3 4 5 6 7 8 9 0 1 2 3 4 5 6 7 8 9
0 1 2 3 4 5 6 7 8 9 0 1 2 3 4 5 6 7 8 9 0 1 2 3 4 5 6 7 8 9 0 1 2 3 4 5 6 7 8 9 0 1 2 3 4 5 6 7 8 9 0 1 2 3 4 5 6 7 8 9
0 1 2 3 4 5 6 7 8 9 0 1 2 3 4 5 6 7 8 9 0 1 2 3 4 5 6 7 8 9 0 1 2 3 4 5 6 7 8 9 0 1 2 3 4 5 6 7 8 9 0 1 2 3 4 5 6 7 8 9
0 1 2 3 4 5 6 7 8 9 0 1 2 3 4 5 6 7 8 9 0 1 2 3 4 5 6 7 8 9 0 1 2 3 4 5 6 7 8 9 0 1 2 3 4 5 6 7 8 9 0 1 2 3 4 5 6 7 8 9

7 2 3 4 5 6 7 3 2 2 4 5 5 4 3 7 8 5 3 4 6 7 4 3 4 5 6 7 8 5 4 3 5 6 7 8 6 5 2 3 4 6 6 7 8 2 4 5 5 4 3 7 8 5 3 5 5 4 3 7
7 2 3 4 5 6 7 3 2 2 4 5 5 4 3 7 8 5 3 4 6 7 4 3 4 5 6 7 8 5 4 3 5 6 7 8 6 5 2 3 4 6 6 7 8 2 4 5 5 4 3 7 8 5 3 5 5 4 3 7
7 2 3 4 5 6 7 3 2 2 4 5 5 4 3 7 8 5 3 4 6 7 4 3 4 5 6 7 8 5 4 3 5 6 7 8 6 5 2 3 4 6 6 7 8 2 4 5 5 4 3 7 8 5 3 5 5 4 3 7
7 2 3 4 5 6 7 3 2 2 4 5 5 4 3 7 8 5 3 4 6 7 4 3 4 5 6 7 8 5 4 3 5 6 7 8 6 5 2 3 4 6 6 7 8 2 4 5 5 4 3 7 8 5 3 5 5 4 3 7
7 2 3 4 5 6 7 3 2 2 4 5 5 4 3 7 8 5 3 4 6 7 4 3 4 5 6 7 8 5 4 3 5 6 7 8 6 5 2 3 4 6 6 7 8 2 4 5 5 4 3 7 8 5 3 5 5 4 3 7

7 2 3 4 5 6 7 3 2 2 4 5 5 4 3 7 8 5 3 4 6 7 4 3 4 5 6 7 8 5 4 3 5 6 7 8 6 5 2 3 4 6 6 7 8 2 4 5 5 4 3 7 8 5 3 5 4 3 7 5

1:0 4 2 0 7 2 3 4 5 6 7 3 2 2 4 5 5 4 3 7 8 5 3 4 6 7 4 3 4 5 6 7 8 5 4 3 5 6 7 8 6 5 2 3 4 6 6 7 8 2 4 5 5 4 9 5 4 3 7 9